Region: Europe
Subregion: Central Europe
Latitude: 47.33333333, Longitude: 13.33333333
Area: 83871
Population: 8917205