Region: Americas
Subregion: Caribbean
Latitude: 13.16666666, Longitude: -59.53333333
Area: 430
Population: 287371