Region: Americas
Subregion: Caribbean
Latitude: 15.41666666, Longitude: -61.33333333
Area: 751
Population: 71991