Region: Americas
Subregion: Central America
Latitude: 13.83333333, Longitude: -88.91666666
Area: 21041
Population: 6486201