Region: Africa
Subregion: Western Africa
Latitude: 13.46666666, Longitude: -16.56666666
Area: 10689
Population: 2416664