Region: Americas
Subregion: Caribbean
Latitude: 12.11666666, Longitude: -61.66666666
Area: 344
Population: 112519