Region: Oceania
Subregion: Micronesia
Latitude: 13.46666666, Longitude: 144.78333333
Area: 549
Population: 168783