Region: Europe
Subregion: Northern Europe
Latitude: 49.46666666, Longitude: -2.58333333
Area: 78
Population: 62999