Region: Europe
Subregion: Southeast Europe
Latitude: 42.666667, Longitude: 21.166667
Area: 10908
Population: 1775378