Region: Asia
Subregion: Western Asia
Latitude: 33.83333333, Longitude: 35.83333333
Area: 10452
Population: 6825442