Region: Europe
Subregion: Western Europe
Latitude: 47.26666666, Longitude: 9.53333333
Area: 160
Population: 38137