Region: Africa
Subregion: Eastern Africa
Latitude: -12.83333333, Longitude: 45.16666666
Area: 374
Population: 226915