Region: Oceania
Subregion: Polynesia
Latitude: -19.03333333, Longitude: -169.86666666
Area: 260
Population: 1470