Region: Americas
Subregion: Caribbean
Latitude: 13.88333333, Longitude: -60.96666666
Area: 616
Population: 183629