Region: Americas
Subregion: North America
Latitude: 46.83333333, Longitude: -56.33333333
Area: 242
Population: 6069