Region: Europe
Subregion: Southern Europe
Latitude: 43.76666666, Longitude: 12.41666666
Area: 61
Population: 33938