Region: Europe
Subregion: Central Europe
Latitude: 46.11666666, Longitude: 14.81666666
Area: 20273
Population: 2100126