Region: Asia
Subregion: South-Eastern Asia
Latitude: -8.83333333, Longitude: 125.91666666
Area: 14874
Population: 1318442