Region: Asia
Subregion: South-Eastern Asia
Latitude: 16.16666666, Longitude: 107.83333333
Area: 331212
Population: 97338583